0
0
0
0
0
0
0
0
0
0
0
0
0
0
0
0
0
0
0
0
0
0
0
0
0
0
0
0
0
0
0
0
0
0
0
0
0
0
0
0
0
0
0
0
0
0
0
0
0
0
0
0
0
0
0
0
0
0
0
0
0
0
0
0
0
0
0
0
0
0
0
0
0
0
0
0
0
0
0
0
0
0
0
0
0
0
0
0
0
0
0
0
0
0
0
0
0
0
0
0
0
0
0
0
0
0
0
0
0
0
0
0
0
0
0
0
0
0
0
0
0
0
0
0
0
0
0
0
0
0
0
0
0
0
0
0
0
0
0
0
0
0
0
0
0
0
0
0
0
0
0
0
0
0
0
0
0
0
0
0
1
1
2
1
6
4
3
3
1
5
2
0
3
5
6
6
8
5
16
15
17
20
19
13
32
36
44
54
8051
158
174
245
323
330
365
383
436
482
541
588
672
714
671
707
768
762
771
726
709
683
741
714
736
754
782
694
720
691
721
658
800
790
855
829
837
799
799
856
855
864
850
913
887
908
942
951
987
995
1021
907
937
927
937
1000
1010
933
966
952
983
972
912
940
980
928
1009
975
1023
956
930
1019
1040
1033
1027
969
1016
987
957
1050
1029
1032
1039
1066
1156
1168
1105
1057
1164
1165
1109
1134
1009
1179
1126
1069
1043
1075
1043
1105
1098
1069
1124
1064
1114
1045
1119
1090
1052
1110
1136
1105
1184
1150
1134
1094
1124
1164
1141
1112
1165
1095
1173
1193
1215
1228
1249
1250
1299
1242
1187
1169
1174
1164
1099
1116
1157
1124
1140
1141
1120
1096
1087
1101
1120
1187
1096
1119
1082
1030
1120
1024
1028
999
919
1005
991
972
911
866
925
911
878
898
804
838
775
825
764
742
762
739
730
729
700
747
663
662
657
603
655
616
595
610
620
543
550
580
564
555
488
564
499
530
537
529
521
499
465
471
526
467
458
484
462
470
469
449
433
419
352
361
406
325
317
342
338
275
281
260
278
303
307
290
245
253
257
253
254
200
195
217
188
158
115
128
104
89
79
63
50
51
42
30
40
28
26
15
18
9
9
11
10
12
19
9
3
6
9
11
8
6
5
6
1
2
2
2
7
0
0
2
0
1
1
1
1
0
1
1
1
0
0
1
0
0
0
0
0
0
0
0
0
0
0
0
0
0
0
0
0
0
0
0
0
0
0
0
0
0
0
2
0
0
0
0
0
0
0
0
0
0
0
0
0
0
0
0
0
0
0
0
0
0
0
0
0
0
0
0
0
0
2
1
0
0
0
4
2
4
5
2
2
2
4
0
3
6
5
5
8
7
12
9
10
12
17
14
21
48
58
89
119
140
213
486
852
1296
2505
4254
7234
8954
8313
6992
3722
1884
664
36
3
